%YAML:1.0
R: !!opencv-matrix
   rows: 3
   cols: 3
   dt: d
   data: [ 9.9994669565198713e-01, -1.8825012671537320e-03,
       1.0151947776234495e-02, 1.7650137442468642e-03,
       9.9993151367155009e-01, 1.1569472460114106e-02,
       -1.0173032053171147e-02, -1.1550937429571839e-02,
       9.9988153561476634e-01 ]
T: !!opencv-matrix
   rows: 3
   cols: 1
   dt: d
   data: [ 3.0312335391904401e+01, 2.8678399996303977e-01,
       5.9882821779617651e-02 ]
R1: !!opencv-matrix
   rows: 3
   cols: 3
   dt: d
   data: [ 9.9989659691501975e-01, 7.5546456009468327e-03,
       1.2236127149012406e-02, -7.6249450251717225e-03,
       9.9995463383037109e-01, 5.7088085036719445e-03,
       -1.2192444017743650e-02, -5.8015179920933337e-03,
       9.9990883919378448e-01 ]
R2: !!opencv-matrix
   rows: 3
   cols: 3
   dt: d
   data: [ 9.9995329697272439e-01, 9.4605249834564080e-03,
       1.9754342348202386e-03, -9.4489989219365446e-03,
       9.9993874037887831e-01, -5.7647123844575352e-03,
       -2.0298504260030641e-03, 5.7457772789826344e-03,
       9.9998143270298190e-01 ]
P1: !!opencv-matrix
   rows: 3
   cols: 4
   dt: d
   data: [ 4.9137611708885038e+02, 0., 3.2762325286865234e+02, 0., 0.,
       4.9137611708885038e+02, 2.4342280960083008e+02, 0., 0., 0., 1.,
       0. ]
P2: !!opencv-matrix
   rows: 3
   cols: 4
   dt: d
   data: [ 4.9137611708885038e+02, 0., 3.2762325286865234e+02,
       1.4895453327531965e+04, 0., 4.9137611708885038e+02,
       2.4342280960083008e+02, 0., 0., 0., 1., 0. ]
Q: !!opencv-matrix
   rows: 4
   cols: 4
   dt: d
   data: [ 1., 0., 0., -3.2762325286865234e+02, 0., 1., 0.,
       -2.4342280960083008e+02, 0., 0., 0., 4.9137611708885038e+02, 0.,
       0., 3.2988329142062220e-02, 0. ]
