%YAML:1.0
M1: !!opencv-matrix
   rows: 3
   cols: 3
   dt: d
   data: [ 6.0317657123776200e+02, 0., 3.2504129063066853e+02, 0.,
       6.0317657123776200e+02, 2.4897258693698890e+02, 0., 0., 1. ]
D1: !!opencv-matrix
   rows: 1
   cols: 8
   dt: d
   data: [ -2.2134293584429771e-02, 6.5978425471072655e-01, 0., 0., 0.,
       0., 0., 2.0678040003214155e+00 ]
M2: !!opencv-matrix
   rows: 3
   cols: 3
   dt: d
   data: [ 6.0317657123776200e+02, 0., 3.2865172119958413e+02, 0.,
       6.0317657123776200e+02, 2.2689649007622936e+02, 0., 0., 1. ]
D2: !!opencv-matrix
   rows: 1
   cols: 8
   dt: d
   data: [ -1.8235953352864803e-02, 1.3947703939215492e-01, 0., 0., 0.,
       0., 0., 3.8261161416879452e-01 ]
